30
ORDERNEXUS 776.000000 50.000000 836.000000 -0.710352 0.000000 -0.703845 
ORDERTURRET 865.000000 50.000000 1123.000000 0.999572 0.000000 0.029199 
ORDERTURRET 1106.000000 50.000000 872.000000 0.999524 0.000000 -0.030792 
ORDERINHIBITOR 582.000000 50.000000 1781.000000 0.999956 0.000000 0.009203 
ORDERINHIBITOR 1725.000000 50.000000 621.000000 0.010000 0.000000 -0.999950 
ORDERINHIBITOR 1594.000000 50.000000 1605.000000 0.717355 0.000000 -0.696706 
ORDERTURRET 2144.000000 50.000000 624.000000 0.724286 0.000000 -0.689498 
ORDERTURRET 1829.000000 50.000000 1850.000000 0.996022 0.000000 0.089085 
ORDERTURRET 582.000000 50.000000 2140.000000 0.682802 0.000000 0.730600 
ORDERTURRET 3461.000000 22.000000 732.000000 0.724286 0.000000 -0.689498 
ORDERTURRET 2528.000000 23.000000 2408.000000 0.998707 0.000000 -0.050775 
ORDERTURRET 752.000000 22.000000 3346.000000 0.711472 0.000000 0.702711 
ORDERTURRET 5253.000000 22.000000 503.000000 0.783326 0.000000 -0.621609 
ORDERTURRET 2926.000000 22.000000 3195.000000 0.995879 0.000000 -0.090672 
ORDERTURRET 488.000000 22.000000 5212.000000 0.725383 0.000000 0.688342 
CHAOSNEXUS 6621.000000 47.000000 6618.000000 -0.029996 0.000000 -0.999550 
CHAOSINHIBITOR 5793.000000 46.000000 5836.000000 0.696134 0.000000 0.717910 
CHAOSINHIBITOR 5615.000000 45.000000 6828.000000 0.999998 0.000000 0.000797 
CHAOSINHIBITOR 6800.000000 45.000000 5659.000000 -0.001594 0.000000 0.999994 
CHAOSTURRET 4481.000000 21.000000 4258.000000 0.998244 0.000000 0.059168 
CHAOSTURRET 6935.000000 22.000000 2252.000000 0.675461 0.000000 0.737389 
CHAOSTURRET 2156.000000 23.000000 6944.000000 0.789500 0.000000 -0.613744 
CHAOSTURRET 4886.000000 22.000000 5058.000000 0.999813 0.000000 0.019202 
CHAOSTURRET 3972.000000 22.000000 6697.000000 0.703279 0.000000 -0.710913 
CHAOSTURRET 6664.000000 22.000000 4115.000000 0.640210 0.000000 0.768188 
CHAOSTURRET 5567.000000 44.000000 5605.000000 0.998246 0.000000 0.059169 
CHAOSTURRET 6812.000000 45.000000 5289.000000 0.725383 0.000000 0.688342 
CHAOSTURRET 5241.000000 45.000000 6825.000000 0.681638 0.000000 -0.731688 
CHAOSTURRET 6302.000000 45.000000 6544.000000 0.997493 0.000000 -0.070737 
CHAOSTURRET 6527.000000 44.000000 6314.000000 0.997493 0.000000 -0.070737 
